89
372
8
222
174
241
257
499
51
467
117
98
309
48
2
363
227
302
68
76
475
5
70
187
264
133
486
494
95
120
446
230
35
29
464
179
439
356
24
132
424
456
382
369
161
119
434
366
417
311
421
204
432
226
452
259
15
455
122
110
364
38
367
177
91
340
171
409
453
97
315
328
466
131
430
334
36
196
158
16
338
354
457
492
57
216
114
327
50
49
186
243
234
18
487
1
185
274
384
153
176
41
408
107
336
145
389
100
496
20
78
265
94
443
418
125
83
109
212
353
330
44
438
337
209
458
25
144
217
255
3
485
232
332
414
342
169
148
28
477
191
361
370
444
22
470
279
254
317
21
345
267
121
156
425
493
362
13
205
228
127
410
445
296
214
87
344
289
238
10
463
306
218
386
355
225
6
460
118
92
233
0
447
481
256
451
172
231
401
412
12
287
419
55
459
341
14
379
61
152
449
501
391
182
181
288
39
249
223
52
237
184
245
201
377
378
275
348
394
323
81
149
324
240
374
360
167
286
272
266
358
157
101
103
113
291
415
128
290
43
200
79
59
11
343
500
104
483
206
339
416
190
420
170
111
406
400
33
213
198
123
69
220
137
347
253
270
325
219
211
504
365
335
138
26
208
469
88
129
293
189
405
112
163
301
283
319
505
67
263
396
242
392
294
359
497
383
407
380
135
71
65
106
310
329
199
368
297
299
53
150
77
426
134
99
192
322
395
321
236
440
404
66
116
454
284
423
173
58
413
436
398
224
498
285
422
435
278
60
207
333
86
376
17
178
155
19
63
402
465
139
480
403
357
262
165
482
31
472
399
180
260
251
346
246
373
75
461
280
351
244
46
488
478
4
388
84
318
40
73
473
108
387
215
471
292
85
468
277
9
484
221
72
371
239
479
450
281
303
411
160
320
429
93
247
307
151
54
183
269
375
164
326
495
491
80
210
433
331
147
250
202
105
142
300
126
146
428
62
448
23
229
393
305
313
195
304
90
390
45
159
124
308
47
193
188
397
474
96
268
276
130
442
441
489
