12
317
351
216
267
318
295
84
276
397
16
80
238
378
419
457
277
66
302
269
428
448
14
151
170
250
375
455
408
15
7
191
373
236
254
504
108
500
161
98
124
444
389
121
111
113
47
433
117
352
62
291
223
410
289
479
224
159
255
486
106
79
198
450
172
349
169
336
464
93
2
76
431
249
470
290
242
462
498
256
503
118
209
82
31
166
391
407
274
42
114
314
222
481
20
123
204
152
21
196
383
60
322
137
358
231
97
320
72
331
492
179
413
493
131
270
287
422
342
359
3
38
74
298
87
425
229
401
110
361
37
454
199
5
63
206
25
70
374
306
366
414
23
292
50
305
446
469
125
355
309
220
474
215
399
156
354
483
390
434
180
257
310
234
340
241
260
165
472
173
69
248
406
411
453
0
441
88
149
194
480
347
271
438
154
92
501
449
186
65
442
68
477
372
61
96
4
225
328
381
227
496
190
335
334
1
346
365
162
490
57
452
301
495
439
370
326
26
130
333
319
312
35
297
218
174
133
380
120
45
369
46
440
394
243
83
478
240
487
134
51
445
181
379
484
388
217
418
282
424
99
144
105
143
132
382
153
398
293
502
27
417
55
304
171
387
460
327
344
214
138
147
58
497
187
219
211
409
426
233
296
363
208
308
436
33
244
232
213
299
128
221
178
81
95
262
284
321
247
73
207
78
332
316
29
393
109
203
193
278
22
230
54
28
377
155
135
279
339
404
343
471
56
303
8
77
150
259
197
430
32
386
9
142
463
353
36
330
100
148
103
140
395
141
30
145
119
71
246
75
311
261
263
421
447
294
362
210
11
48
489
286
188
126
85
43
266
473
104
139
116
127
136
175
252
348
265
324
467
313
273
258
482
205
400
157
307
405
341
429
90
338
345
183
192
253
115
499
122
245
34
392
64
24
40
101
212
396
49
468
283
451
41
6
86
201
427
275
163
281
53
44
458
315
350
184
488
39
337
412
384
367
403
112
371
268
239
107
189
357
300
167
465
202
10
228
59
435
323
466
456
368
416
89
185
