162
320
505
22
329
158
62
58
483
209
276
379
452
290
179
159
316
457
161
72
148
269
317
248
268
397
479
404
14
350
416
478
291
108
337
467
264
110
285
99
142
370
106
44
47
410
214
432
259
19
65
120
92
12
340
263
7
413
307
502
183
411
339
127
41
288
205
180
260
90
348
151
1
225
140
277
114
287
56
434
11
157
384
377
245
52
119
175
266
150
387
77
476
49
336
254
57
427
220
459
334
153
466
462
130
409
247
172
415
165
4
303
88
202
279
243
286
132
164
45
296
299
395
166
324
79
422
403
335
488
236
349
318
163
498
352
226
13
238
482
429
27
382
227
388
261
420
218
8
193
95
302
113
486
496
407
144
207
310
474
147
298
438
191
499
344
364
497
425
435
284
173
111
445
174
141
408
167
126
306
85
328
390
321
208
112
419
94
272
319
346
253
331
440
458
217
196
447
203
453
117
311
426
97
231
293
439
188
431
87
330
219
304
327
125
83
385
212
443
5
280
109
374
484
473
491
504
239
229
216
356
139
156
15
270
213
73
71
59
449
249
258
273
289
190
375
169
257
271
137
9
305
492
503
444
354
308
40
463
274
154
367
25
442
455
241
197
30
6
281
133
278
228
24
322
361
210
323
211
116
333
471
240
198
436
215
17
360
326
255
184
121
143
355
76
265
170
176
186
309
46
428
468
23
33
189
105
470
313
100
89
441
75
400
107
437
314
61
69
347
55
366
448
406
178
53
103
256
182
469
63
206
423
10
82
300
51
430
204
138
380
160
233
501
381
21
365
494
32
195
128
398
417
146
16
96
54
493
424
460
200
37
480
402
251
351
325
194
267
359
145
401
39
84
454
481
378
235
341
294
246
332
35
43
244
450
358
177
363
187
262
115
80
343
38
124
81
230
490
292
129
386
465
223
373
275
433
36
242
297
376
391
312
135
29
222
136
368
421
168
70
50
500
48
101
224
93
102
192
104
68
383
42
98
237
34
495
389
91
171
338
18
371
78
392
489
399
456
149
185
3
221
301
283
475
