131
175
86
383
327
196
109
147
256
215
398
411
281
143
331
149
203
347
148
191
438
138
434
113
167
227
206
146
480
7
177
82
92
59
76
70
77
388
98
107
440
422
358
201
248
126
262
390
237
430
29
423
12
446
337
457
134
208
466
5
259
95
26
119
55
353
61
171
47
185
427
43
142
252
268
250
205
93
52
294
338
63
219
322
382
463
318
190
492
216
80
275
168
231
418
437
443
426
158
419
357
320
449
125
225
349
96
291
263
200
489
223
150
39
242
260
176
71
94
37
244
207
496
31
315
243
145
271
367
366
475
269
348
396
445
368
211
378
89
329
111
352
213
405
276
471
157
173
156
342
159
128
132
41
66
152
198
343
470
221
247
97
299
374
84
87
371
362
218
110
264
224
409
46
361
44
9
162
379
178
413
339
266
164
130
261
499
267
285
436
23
324
321
399
8
387
28
488
122
182
253
295
75
67
212
332
277
106
15
217
280
407
311
424
18
425
104
402
62
459
305
403
359
469
505
166
116
313
163
2
17
384
500
79
151
68
336
495
105
444
483
330
1
6
417
284
103
186
326
50
155
435
380
11
226
286
306
360
40
35
467
363
192
472
479
373
189
296
115
351
112
144
283
229
376
160
193
297
135
172
474
346
493
181
118
53
461
498
501
292
3
365
197
453
420
127
410
370
100
462
400
88
233
416
278
272
442
187
81
24
154
179
72
447
30
364
468
375
476
255
307
48
406
385
194
239
257
54
408
323
274
304
391
354
450
486
344
441
241
428
45
240
42
204
473
13
136
57
74
246
102
431
293
22
464
381
288
317
214
165
222
254
465
69
477
169
153
503
83
335
232
452
114
25
34
389
497
340
310
303
235
341
458
4
210
78
170
265
451
60
129
270
482
415
456
395
64
394
301
312
300
401
460
10
273
392
32
404
316
249
230
334
502
504
454
85
184
65
433
234
220
121
282
174
258
124
108
140
51
377
27
386
139
199
369
33
448
393
90
161
120
298
36
328
73
117
251
481
56
20
0
432
484
412
345
