361
52
75
315
420
318
163
261
92
235
342
427
323
205
320
167
451
232
109
249
392
62
197
337
322
280
311
111
115
202
466
178
270
350
312
341
284
326
504
25
88
339
226
130
97
90
296
196
498
73
465
46
58
170
252
458
37
198
16
334
406
494
123
338
349
32
222
450
396
472
164
366
71
309
421
438
470
173
272
153
100
290
487
61
183
388
490
12
146
347
240
187
122
89
14
55
142
157
505
188
409
77
387
216
135
371
143
149
424
31
306
36
445
390
429
79
468
225
211
48
287
223
446
299
85
18
126
368
176
254
408
184
27
166
271
7
199
208
484
33
413
56
257
236
364
22
426
351
433
114
3
391
141
281
206
139
440
10
486
376
496
476
359
358
13
303
431
423
228
108
44
345
95
307
67
11
220
221
454
54
15
300
500
237
94
340
189
177
393
174
492
430
242
148
329
172
419
463
372
80
475
268
168
414
91
330
227
152
503
394
9
134
86
418
93
41
278
313
8
124
436
336
263
319
449
28
243
60
464
497
120
49
481
76
370
265
6
234
110
29
217
462
112
150
169
238
210
38
375
64
118
24
84
26
381
102
40
201
200
175
332
121
383
321
248
158
119
439
480
432
47
138
140
179
501
132
136
20
362
162
160
203
171
374
43
219
53
453
230
467
180
156
269
99
502
258
190
69
260
398
144
127
23
457
452
215
477
386
407
98
45
101
400
277
19
469
279
422
416
444
304
186
395
4
305
50
479
354
460
474
68
447
59
448
302
83
459
441
285
113
488
289
316
107
328
443
333
397
218
65
378
434
428
66
42
128
154
317
308
244
401
455
133
348
435
493
21
353
245
165
286
294
209
250
495
331
325
266
356
35
51
104
253
283
491
461
389
267
5
192
256
131
213
310
382
34
233
264
425
346
293
181
482
367
129
117
298
125
193
412
137
489
324
214
147
411
360
344
82
297
301
195
399
96
437
314
363
207
87
275
365
478
343
247
379
70
282
403
402
473
78
352
373
57
404
485
456
159
251
415
30
291
194
161
273
