378
44
188
33
397
295
288
240
314
362
280
350
122
298
170
204
26
279
321
342
210
505
146
56
448
115
92
310
415
64
77
416
79
162
31
114
489
271
168
481
322
211
316
376
201
107
439
401
413
381
499
334
374
500
231
291
206
236
247
34
331
3
200
82
89
78
54
254
68
474
284
59
214
95
160
258
24
457
135
491
400
235
414
142
121
177
306
460
347
504
483
216
66
361
7
11
472
358
199
83
237
10
127
467
369
395
405
438
313
478
317
356
28
212
396
463
86
458
246
287
187
326
81
232
134
339
446
453
451
387
476
27
73
36
164
169
156
132
178
175
469
182
398
323
364
412
61
444
265
14
230
296
465
8
65
245
392
167
124
354
294
52
302
209
53
93
267
197
276
370
406
432
173
144
96
158
148
152
103
272
190
123
176
104
172
0
98
391
262
408
180
229
223
222
386
372
268
15
382
41
195
503
307
336
410
475
411
273
431
480
263
468
244
266
434
403
311
90
363
261
251
283
238
270
253
48
332
12
145
497
46
166
442
118
430
29
443
449
185
367
252
87
300
183
351
75
242
88
319
147
488
282
353
128
243
35
441
344
333
328
17
471
421
308
293
116
119
113
440
452
129
461
329
419
80
479
5
335
6
447
256
346
221
318
99
371
390
462
13
43
137
455
228
217
189
163
18
393
112
305
37
234
357
281
417
203
399
365
21
126
141
100
192
303
389
368
9
426
97
102
409
304
394
63
495
423
140
466
218
38
373
343
355
84
220
383
325
69
275
139
101
110
327
375
485
39
207
427
215
484
493
51
377
171
492
292
23
149
436
109
151
269
105
125
133
76
19
117
196
425
191
385
257
1
165
324
450
159
71
249
108
341
352
179
379
241
422
91
384
45
194
407
208
120
402
260
309
366
420
32
501
225
454
138
264
111
494
437
285
315
60
496
286
40
330
74
219
299
50
70
259
4
418
445
360
473
482
106
16
154
227
388
289
433
470
477
248
213
349
202
150
184
297
161
181
136
487
404
205
459
143
224
130
233
345
