420
351
274
214
66
477
408
149
176
17
391
469
121
367
150
471
219
290
42
309
65
341
365
305
492
114
237
241
62
273
119
245
254
116
442
46
359
55
476
440
384
221
40
353
361
415
331
437
129
179
317
294
380
295
4
354
475
190
434
429
280
303
288
18
498
48
275
349
379
431
368
201
58
270
9
481
300
411
204
504
166
159
198
304
409
22
355
287
196
320
345
412
98
216
74
428
37
141
321
474
370
462
130
51
49
250
246
180
302
505
293
44
13
183
244
167
401
34
135
451
52
479
3
453
146
200
170
348
173
128
206
313
343
298
101
388
84
194
72
161
112
503
202
328
151
347
339
459
301
96
460
158
147
210
413
242
500
205
374
404
142
360
225
342
20
78
478
87
169
378
153
332
405
140
472
127
222
208
27
395
231
407
217
82
88
467
139
39
445
199
211
436
104
86
452
457
7
392
251
162
316
143
228
2
292
236
168
364
495
45
83
276
77
271
308
410
268
291
357
455
218
366
61
93
466
12
110
433
106
307
138
463
403
493
397
123
50
30
372
289
131
425
352
182
480
449
6
132
56
326
215
266
156
189
267
107
323
335
230
57
494
390
124
224
306
486
19
207
33
443
226
102
47
278
24
144
310
441
286
41
137
0
256
23
134
257
258
261
422
299
203
69
406
105
15
187
99
243
164
318
497
424
10
373
324
126
447
177
327
369
488
314
482
171
282
435
446
382
499
253
85
117
184
68
70
94
402
279
329
80
338
192
381
483
414
209
109
60
223
14
362
371
54
416
53
92
155
283
115
387
350
235
484
358
95
81
262
118
383
337
26
97
277
438
450
247
296
489
325
212
255
458
330
232
100
229
136
79
152
430
468
490
35
188
29
311
193
248
43
418
113
160
427
385
315
419
322
186
8
1
336
59
120
284
334
297
28
25
340
133
465
333
154
174
417
71
178
377
485
220
36
239
91
272
356
89
252
67
281
238
376
454
103
346
400
125
16
461
172
448
491
396
213
496
444
181
432
473
265
344
394
501
175
389
165
