113
35
433
9
377
36
399
458
259
55
27
415
79
41
494
427
345
424
244
446
447
348
161
362
476
478
505
449
395
413
310
222
87
50
183
273
164
468
438
24
189
238
53
220
265
303
173
198
7
401
371
62
316
280
462
270
277
136
457
465
168
223
402
448
221
297
42
236
498
368
67
257
319
25
487
142
224
3
385
477
65
166
96
275
241
299
90
82
497
57
351
492
282
464
486
334
327
95
452
176
252
202
311
364
74
500
286
193
117
128
13
58
312
325
384
459
29
46
322
320
434
358
430
227
214
410
296
422
355
289
229
21
403
437
38
162
419
493
115
240
154
101
324
298
158
203
152
441
217
243
246
77
237
148
482
94
121
179
131
420
474
200
119
347
98
111
71
461
81
163
367
432
302
287
169
70
411
11
147
504
455
208
392
177
141
397
91
233
488
393
329
192
51
361
350
440
188
228
388
140
357
18
481
288
479
125
201
309
469
63
274
284
72
104
283
78
191
336
242
378
339
150
97
315
133
144
160
186
349
153
503
470
372
369
295
4
382
139
381
118
48
31
391
490
394
472
429
353
14
425
501
138
363
379
502
106
170
100
69
255
254
359
306
15
132
112
267
491
175
489
123
335
199
276
17
181
23
45
215
43
262
365
421
442
313
342
436
6
76
305
20
473
248
194
47
225
406
263
30
444
28
1
460
346
307
40
99
269
354
68
219
483
317
366
340
435
212
232
417
343
156
373
206
396
93
149
211
466
195
414
157
341
196
387
416
165
426
484
218
266
251
114
323
80
124
450
308
105
456
185
485
409
256
26
56
44
300
126
226
301
34
471
2
331
8
182
304
344
180
143
451
352
108
231
167
272
239
318
52
49
390
376
370
463
389
216
412
171
405
120
73
66
338
374
59
174
260
281
294
454
423
130
321
61
408
19
204
291
197
134
207
499
83
332
159
253
37
33
89
127
54
261
209
234
407
205
404
418
137
107
155
443
103
337
184
213
135
86
268
428
129
330
333
210
245
145
178
109
75
249
285
400
88
328
453
