433
176
307
317
165
62
294
373
132
306
480
88
442
412
72
327
387
52
410
17
92
67
242
43
186
381
380
420
295
238
189
56
168
75
120
467
202
220
161
318
6
222
15
80
94
404
93
464
149
368
119
187
488
4
325
18
230
185
173
39
87
361
478
197
455
476
32
408
392
466
48
152
370
367
429
446
204
51
272
425
284
409
285
448
354
227
423
30
400
288
391
232
441
86
239
9
291
166
421
489
223
71
461
70
333
447
417
289
451
418
371
85
311
374
270
219
107
405
259
19
7
34
198
151
201
497
365
261
229
426
142
103
207
178
174
414
335
23
139
501
366
494
131
112
353
264
452
274
440
330
104
309
159
319
117
450
364
462
124
81
343
331
172
278
134
53
475
402
228
54
346
376
427
21
419
271
362
233
177
46
453
237
298
386
415
196
38
154
262
454
245
203
435
280
13
182
255
99
444
485
482
65
128
479
308
297
141
411
487
40
49
97
211
322
231
360
332
399
499
460
89
69
286
471
96
113
281
257
379
82
143
436
181
347
388
468
287
344
26
334
215
383
463
505
302
357
114
243
100
457
90
77
277
314
84
502
150
158
11
61
276
351
157
339
268
235
35
279
214
210
164
296
129
275
135
226
29
153
195
342
301
190
184
449
439
5
91
162
213
244
356
266
323
324
490
98
413
234
348
282
140
206
28
130
63
312
66
60
349
299
385
146
396
169
118
179
248
122
216
1
218
74
305
321
403
326
148
83
310
10
64
430
160
337
145
382
225
390
445
459
474
378
12
2
469
283
375
155
31
269
183
352
273
50
472
212
437
193
208
33
456
249
170
138
470
504
300
256
44
483
340
240
486
110
443
428
78
251
384
491
188
224
79
68
55
292
199
500
137
350
253
458
167
397
8
377
205
393
3
236
316
58
290
498
477
127
473
200
116
395
59
175
265
76
109
156
121
492
136
102
495
263
126
355
180
267
338
41
209
111
47
25
95
0
329
359
503
14
313
363
320
163
252
432
133
42
401
389
192
431
254
22
45
27
465
