88
362
422
437
345
374
420
318
224
291
20
396
445
91
432
11
481
416
127
2
35
322
75
494
1
118
43
273
231
244
71
480
21
417
214
40
190
438
125
184
484
18
94
46
279
258
263
470
433
463
155
217
382
196
325
284
414
310
423
135
206
6
210
394
324
189
503
33
467
215
104
65
283
498
87
32
332
265
419
407
8
121
41
175
30
331
442
242
341
34
478
270
176
49
72
391
10
237
167
436
116
351
281
117
349
352
261
504
45
67
145
402
457
154
383
446
421
487
262
191
204
169
27
395
290
320
366
50
278
222
466
226
76
4
15
112
350
348
452
269
221
225
334
157
399
390
397
77
327
272
364
233
212
107
99
113
254
387
430
103
96
106
315
119
450
288
151
267
152
292
148
181
462
276
358
461
264
51
308
142
289
22
62
323
139
333
9
193
371
357
355
458
146
164
156
319
92
234
405
393
241
505
274
400
219
85
108
136
280
493
248
61
129
491
427
158
247
17
295
410
328
464
74
448
252
365
468
447
385
13
360
368
488
472
372
178
309
42
16
52
326
311
386
150
202
58
449
220
23
168
245
456
330
238
194
492
100
122
294
29
297
229
170
482
44
134
301
3
404
408
149
200
282
26
256
48
186
211
31
132
39
406
424
93
12
90
239
227
314
228
140
163
312
356
84
78
353
477
266
426
161
473
102
171
444
299
124
159
384
57
469
179
483
440
475
177
392
307
203
86
128
296
380
126
495
66
192
70
435
304
257
141
230
313
460
425
59
138
305
216
182
337
251
367
54
346
413
259
223
271
321
359
476
160
180
25
111
174
342
64
474
300
201
101
439
133
173
109
36
253
110
500
232
335
197
38
166
68
115
375
486
389
443
53
268
497
82
207
218
428
165
153
431
429
303
454
381
198
243
7
453
306
388
369
363
81
344
354
275
471
98
240
485
340
5
373
286
235
401
28
236
479
130
347
302
260
144
412
465
418
317
316
69
60
277
499
97
287
250
502
255
378
338
489
188
415
147
19
246
293
379
208
80
199
56
