85
339
293
354
205
359
325
306
333
24
337
185
194
125
484
250
495
1
499
378
369
236
128
490
173
160
429
0
282
391
134
252
40
327
245
414
392
424
403
64
385
433
244
209
275
480
362
465
174
67
395
467
357
72
350
280
418
300
201
46
258
277
38
329
200
149
372
55
239
51
52
246
106
377
179
291
298
28
15
91
23
79
202
259
287
97
271
84
234
474
342
464
286
18
272
212
341
389
431
65
349
118
132
360
192
318
461
334
426
344
152
251
308
428
158
343
81
249
421
367
352
335
460
112
86
63
146
100
80
12
294
168
188
161
162
105
36
104
310
82
448
410
144
348
54
131
69
231
307
207
182
486
140
328
208
109
413
163
169
241
292
154
450
313
129
165
284
430
459
331
20
351
387
123
240
102
177
218
483
61
4
417
124
321
472
39
211
135
11
159
210
197
75
407
41
485
412
196
419
43
178
406
237
409
488
19
141
445
166
203
420
353
290
315
217
326
120
247
355
96
254
32
14
393
336
469
446
319
76
299
66
229
7
93
266
482
442
411
437
219
452
9
463
232
492
262
497
316
382
99
444
230
119
167
447
2
422
157
142
285
256
184
35
216
164
471
340
441
404
477
456
332
458
368
13
408
274
384
398
396
475
221
77
191
190
427
228
187
415
16
268
224
94
276
108
107
278
504
257
288
242
68
297
150
145
155
113
87
434
371
317
281
59
320
83
92
50
147
451
172
473
115
379
358
303
235
405
111
10
214
468
381
204
453
62
436
180
365
267
116
6
366
449
501
138
143
121
283
500
89
481
95
153
470
279
322
30
380
386
57
189
170
345
226
8
37
17
206
505
73
466
130
31
487
47
439
373
137
176
462
304
323
423
88
74
314
443
27
370
126
22
175
101
90
388
496
3
498
33
356
133
390
186
181
42
376
305
199
5
438
49
148
223
34
78
502
238
503
338
139
478
243
70
255
60
198
301
425
195
363
183
225
364
264
347
220
273
263
193
361
455
324
110
213
122
117
48
270
402
302
56
222
58
346
476
