499
255
438
341
361
73
213
177
215
312
409
112
390
229
218
275
346
195
394
210
171
176
81
379
302
470
121
69
94
53
194
474
259
424
466
133
71
10
186
209
237
40
373
281
166
430
161
88
292
202
184
310
306
36
344
122
464
402
16
66
7
246
67
340
336
483
293
57
318
444
204
405
407
326
488
182
368
441
22
107
436
232
216
272
65
140
0
305
100
343
491
153
263
117
147
156
206
416
323
63
4
180
372
52
18
287
20
32
108
284
415
365
254
220
127
362
303
170
329
231
95
59
270
13
42
196
128
199
222
367
382
330
322
175
35
119
317
221
383
445
23
64
411
442
33
15
49
381
134
283
219
294
9
205
98
8
173
389
431
406
17
14
47
355
408
380
193
29
395
86
384
243
25
423
187
174
110
448
459
286
314
479
477
80
337
149
443
135
93
351
348
87
189
5
412
500
339
54
304
106
377
253
211
432
371
249
150
264
72
495
435
492
417
137
319
364
179
498
502
241
227
236
165
363
120
413
320
504
370
251
420
145
385
101
56
410
357
350
41
456
460
391
321
481
358
289
452
334
99
429
124
169
132
501
12
328
335
469
46
471
453
455
375
142
82
190
68
449
37
280
296
185
356
91
31
83
125
295
269
458
214
422
327
158
38
426
386
163
188
160
70
316
157
486
43
151
505
273
217
76
155
475
136
425
487
404
288
485
11
235
285
113
472
103
62
164
338
201
267
421
308
493
45
26
191
6
129
374
440
484
324
143
414
307
200
342
168
55
111
238
256
274
315
114
490
144
247
345
115
154
461
399
75
159
297
148
19
352
104
207
89
278
467
74
418
77
234
242
266
419
130
24
228
331
398
90
300
332
162
252
397
97
427
85
282
396
463
496
248
279
366
78
400
434
446
105
139
257
360
239
233
28
468
3
1
178
480
354
437
203
277
450
439
244
92
387
50
301
489
392
353
465
240
198
482
262
265
245
250
126
183
333
208
225
349
146
451
27
401
376
298
21
141
44
428
60
311
369
2
61
313
388
212
403
497
