118
414
116
216
142
495
239
135
275
73
227
84
139
302
293
188
11
328
41
341
57
71
316
428
4
124
280
348
154
265
160
496
150
208
333
299
390
187
70
338
221
152
309
97
295
353
288
451
241
474
19
155
337
149
256
355
220
61
43
387
205
264
10
470
315
7
427
163
502
347
389
447
179
23
350
170
330
410
461
177
497
175
287
225
485
412
436
322
454
183
380
29
44
424
109
181
59
189
222
367
321
111
178
435
285
172
291
450
422
2
123
204
26
259
212
423
217
9
100
442
335
491
297
230
81
343
503
249
21
130
273
232
195
342
13
80
290
236
196
257
366
476
151
106
270
202
235
358
426
421
153
326
276
193
464
25
31
364
125
18
104
237
336
209
218
138
22
431
394
314
66
438
467
128
445
60
194
90
505
20
484
440
32
72
50
310
51
396
171
48
407
283
415
83
480
289
226
488
395
405
199
238
99
96
201
143
487
38
115
165
303
132
417
211
449
74
409
98
0
277
334
490
274
446
62
473
477
434
292
136
86
58
354
141
207
242
455
129
344
468
272
53
158
304
145
318
214
323
107
382
3
425
296
147
103
119
33
15
114
46
263
401
398
210
234
379
317
362
184
95
52
504
39
456
420
219
28
126
54
85
393
169
254
483
462
176
36
127
252
56
69
469
472
429
458
363
466
439
247
173
185
182
492
63
413
311
49
200
8
17
388
457
294
271
180
437
400
255
229
397
42
356
374
67
403
156
102
224
385
231
325
357
373
301
40
411
340
248
47
319
332
159
378
279
418
223
313
453
331
489
369
465
260
406
92
68
361
481
77
37
327
65
240
475
267
112
360
329
101
478
157
133
448
482
148
408
14
486
1
308
284
27
191
203
381
494
269
64
500
108
320
246
162
402
190
120
391
192
416
79
443
349
82
383
307
258
76
251
131
250
55
206
499
122
168
93
452
78
261
228
161
16
312
300
386
30
198
244
376
5
430
375
121
113
253
479
75
351
433
144
365
174
134
268
24
444
140
305
371
167
498
117
399
493
345
