351
416
366
250
372
474
312
137
391
6
7
188
388
221
58
140
8
369
301
466
34
243
56
371
153
400
217
108
288
201
161
59
479
261
158
317
410
438
353
394
96
162
49
304
389
300
464
496
431
441
443
15
232
70
228
125
490
322
101
50
230
500
356
327
331
347
343
281
421
499
198
219
413
456
450
297
302
189
298
367
105
208
60
38
197
469
489
359
386
194
178
475
154
295
495
280
136
102
457
494
397
449
342
282
458
349
255
415
163
142
91
113
493
191
376
89
72
333
183
480
174
210
377
145
180
270
224
502
10
99
129
306
173
383
396
293
85
265
139
385
20
196
64
90
93
329
434
127
246
171
81
128
182
277
437
144
73
222
328
445
425
481
229
497
150
470
121
32
258
44
442
254
132
448
67
404
485
392
151
68
62
486
296
482
112
63
462
348
130
252
440
380
406
262
126
164
1
269
0
399
276
433
242
170
192
337
472
27
65
488
352
325
271
147
393
417
115
248
402
80
239
284
294
420
66
278
231
13
31
23
241
43
172
318
452
273
381
28
253
237
134
336
109
373
238
330
451
398
54
435
419
478
202
26
378
444
186
209
245
11
308
18
216
78
461
233
424
283
92
268
14
324
362
279
86
53
55
41
274
427
272
225
103
307
477
36
166
335
22
346
292
220
156
235
223
285
266
199
165
365
116
169
71
74
332
33
48
29
124
361
321
275
30
133
473
423
429
240
350
310
205
491
206
212
57
184
160
12
487
195
345
379
368
94
264
193
251
338
119
247
185
106
84
226
42
61
157
110
422
501
111
370
82
152
299
453
467
200
19
303
364
408
430
341
412
35
51
463
100
9
234
411
149
47
311
403
167
305
260
104
339
2
315
483
360
24
155
203
374
455
181
460
407
320
256
76
498
432
97
465
17
123
143
354
476
259
25
358
98
5
257
118
249
323
236
447
83
375
87
436
138
69
190
45
214
390
40
244
504
471
395
468
176
503
135
505
177
405
211
107
263
175
446
141
291
117
120
334
21
215
401
428
313
344
213
