171
88
32
303
469
141
274
15
207
393
0
149
69
430
208
497
271
404
389
501
391
220
368
245
206
229
351
413
465
98
23
458
16
143
341
198
309
76
298
259
397
476
308
105
494
209
172
68
335
52
131
106
358
184
325
463
483
163
95
270
29
360
11
151
252
109
235
273
258
503
203
505
111
65
381
147
72
216
379
242
266
301
159
286
300
166
185
295
223
66
473
160
27
406
77
41
375
451
400
107
59
93
31
415
253
45
128
135
285
250
136
289
299
150
101
181
10
268
236
99
315
490
178
255
504
217
212
161
170
330
284
384
489
56
280
104
472
124
48
50
321
442
416
102
218
359
5
78
155
433
460
440
73
366
452
481
138
370
294
100
461
326
345
402
158
167
121
17
21
269
192
14
13
144
118
152
176
287
417
487
396
117
256
382
467
74
282
119
162
342
267
427
318
91
37
122
478
71
313
307
43
411
485
477
142
346
333
227
383
153
324
53
459
293
85
8
439
362
201
46
288
466
471
453
380
464
262
496
173
177
205
97
137
90
62
369
488
146
312
195
225
234
296
449
332
412
425
264
499
38
19
108
363
317
279
311
263
372
414
420
373
132
500
283
213
231
215
30
190
110
297
39
361
388
265
113
455
233
6
254
438
456
114
394
354
428
305
484
84
367
338
75
214
191
20
127
344
42
70
431
316
130
421
480
51
445
348
64
247
446
86
272
145
238
34
306
349
276
92
323
139
33
134
424
419
437
281
230
364
89
204
219
183
241
429
251
355
482
18
491
60
40
498
49
444
474
441
243
405
436
408
327
224
7
356
240
434
357
58
189
470
328
200
462
447
120
180
275
156
350
392
63
175
44
211
157
226
302
386
314
352
169
87
168
249
450
55
257
399
79
4
112
80
116
387
320
228
319
290
493
115
248
28
443
239
278
3
54
2
199
277
194
129
492
47
337
385
83
390
435
261
25
197
179
407
222
423
196
395
148
26
123
479
475
422
260
103
371
418
81
347
193
246
186
232
210
182
36
448
457
12
329
502
67
454
