354
254
452
420
388
473
65
491
455
503
339
169
0
13
450
306
242
401
303
152
56
35
394
8
104
24
193
153
495
357
190
76
434
238
6
346
133
192
329
449
195
398
225
41
284
338
141
375
75
287
309
422
302
161
343
304
320
42
352
105
330
292
366
140
463
22
416
368
321
293
109
9
210
314
234
15
174
186
497
243
415
191
81
448
258
99
61
499
117
31
46
74
118
167
351
62
216
496
3
131
126
148
33
257
317
241
446
382
410
451
323
136
189
246
288
269
207
245
285
10
324
486
106
249
297
489
481
442
143
214
271
1
162
444
393
421
280
500
488
362
202
273
129
478
275
107
276
459
188
378
326
179
412
120
48
226
154
383
181
347
130
163
194
166
123
437
438
165
80
223
95
369
440
348
501
36
458
134
460
337
17
350
483
157
418
112
64
255
457
58
206
20
377
47
16
408
426
482
286
411
341
235
168
91
84
461
476
425
159
439
424
96
146
454
336
469
203
221
265
279
220
413
239
231
172
200
315
311
252
139
144
390
310
248
386
312
298
115
111
370
7
445
367
180
138
92
462
29
73
485
50
484
466
409
253
250
59
456
52
55
359
135
78
277
427
395
340
30
227
360
53
32
147
128
268
301
182
441
40
505
237
124
504
12
240
397
453
385
205
381
34
417
498
305
217
299
264
67
391
173
316
127
475
160
262
82
69
403
177
184
435
389
204
171
407
296
230
201
433
137
27
365
178
464
71
149
281
251
100
436
199
244
183
45
175
208
23
399
345
332
493
470
209
79
219
384
300
49
77
376
356
371
218
132
213
158
87
2
289
116
477
465
380
468
344
233
328
283
229
327
28
494
490
414
228
224
267
259
333
419
155
364
307
151
263
443
222
187
480
430
44
197
331
379
19
431
472
122
474
467
342
5
405
108
60
66
335
26
502
212
428
121
266
432
38
18
402
387
37
261
291
88
471
423
156
319
373
325
392
113
83
322
479
256
196
349
487
198
25
361
308
270
63
404
215
11
72
185
282
114
89
260
313
294
68
