175
364
126
115
309
488
51
346
229
424
3
47
301
304
205
244
28
217
479
198
218
169
445
327
352
286
384
33
284
495
339
81
269
350
161
93
183
227
221
23
254
342
173
438
489
353
434
449
136
361
24
501
435
69
293
503
228
265
447
180
341
56
237
187
256
210
276
52
319
98
156
165
408
428
222
473
448
305
277
111
10
214
39
498
112
55
418
442
60
76
303
13
444
273
66
372
109
366
16
204
91
21
378
7
417
190
464
236
393
451
500
390
358
234
117
70
130
89
314
132
25
282
231
383
201
104
348
255
272
270
145
1
405
49
20
355
356
26
482
251
118
275
375
4
298
128
487
494
280
90
121
427
78
83
279
292
406
345
430
307
80
135
125
71
11
159
82
377
318
232
475
439
411
402
320
395
94
127
206
362
433
321
407
108
157
243
147
235
357
368
467
9
120
413
162
394
463
37
330
403
381
462
294
452
450
426
456
154
455
322
261
443
15
401
31
65
50
484
485
41
271
102
337
331
363
133
351
354
480
404
30
27
146
253
225
329
374
195
101
385
332
376
5
186
171
380
176
215
200
114
131
334
158
365
177
202
242
486
164
397
36
478
181
436
412
252
504
163
148
410
369
468
481
457
96
107
34
166
138
499
116
62
421
454
113
72
248
291
54
32
245
209
306
328
29
149
2
344
387
230
264
469
0
174
388
493
311
340
296
419
110
140
295
86
310
335
14
182
119
472
124
241
287
6
199
260
281
316
370
246
446
431
278
490
477
333
420
150
75
268
223
88
38
425
8
460
466
160
193
239
142
192
53
461
67
63
336
48
250
437
440
216
105
429
185
134
300
208
226
170
474
73
299
386
233
74
99
188
476
308
179
106
57
219
373
220
19
367
18
423
97
122
139
349
274
258
262
288
326
492
12
491
46
312
42
153
317
470
289
338
432
240
360
87
77
323
453
84
414
483
59
35
400
68
266
203
43
155
267
196
502
189
496
207
40
194
197
191
141
263
167
64
44
152
137
325
379
143
168
283
399
285
123
238
465
