196
116
222
95
397
109
8
407
19
46
252
117
339
156
438
329
25
357
470
412
275
277
501
245
431
454
378
293
79
70
11
308
266
43
426
84
83
309
416
437
127
290
45
384
187
314
410
155
174
249
364
499
203
288
498
292
457
219
303
385
189
476
241
171
53
29
214
335
469
247
358
167
143
28
403
125
409
356
321
151
382
59
129
390
383
300
202
186
463
93
486
87
23
395
168
58
379
210
81
135
32
243
373
13
505
157
209
259
349
264
332
282
163
170
495
439
161
213
396
195
353
451
238
188
489
500
31
312
158
159
235
254
322
50
56
307
484
443
74
340
268
242
278
388
441
281
27
16
148
18
375
191
354
389
22
452
359
466
427
78
67
150
120
284
485
144
471
20
118
71
34
94
48
85
435
178
42
399
324
126
393
3
231
162
166
173
160
338
1
175
197
328
124
215
374
355
299
365
462
482
201
244
134
228
481
342
248
261
425
453
226
97
417
99
98
376
318
216
408
428
447
33
337
181
286
346
429
258
336
152
262
432
319
193
387
206
232
4
26
234
400
17
423
153
420
287
348
449
55
60
434
192
418
433
154
21
398
63
419
106
446
504
479
480
491
477
271
237
493
141
0
404
137
30
7
64
478
225
440
180
468
75
86
91
199
9
217
265
145
128
279
96
177
12
370
422
368
172
205
323
474
257
69
285
54
467
298
371
492
369
415
41
38
111
77
82
14
227
176
251
430
456
47
313
113
401
10
218
274
223
394
76
386
306
255
331
200
253
115
39
445
381
80
164
315
229
114
352
459
295
37
413
448
305
483
122
304
132
283
52
142
90
57
119
343
424
110
302
289
330
503
345
333
273
496
487
450
442
89
68
112
136
310
269
208
212
301
121
406
190
239
104
344
488
146
297
360
236
461
194
347
207
108
367
363
72
6
73
392
436
123
291
233
366
62
460
372
230
103
5
276
411
280
51
179
272
36
260
15
362
24
473
334
102
377
35
494
182
107
444
40
350
316
101
61
131
183
184
311
320
65
185
326
455
464
