50
365
501
488
401
333
97
131
106
202
163
187
328
107
444
301
206
197
468
185
344
265
367
274
311
496
411
66
404
126
49
257
258
208
263
499
410
153
194
39
168
447
357
403
229
461
397
224
491
243
1
79
405
429
500
214
111
71
92
345
281
19
183
165
277
252
282
264
360
470
109
284
62
290
31
386
38
484
272
100
448
230
304
396
434
321
312
296
388
141
368
283
440
384
138
105
275
231
378
373
242
89
170
455
294
504
125
433
53
88
223
418
425
316
7
178
358
390
338
80
251
220
486
361
77
91
137
32
110
76
237
41
495
20
177
192
355
4
494
113
400
134
279
452
487
96
2
393
288
235
238
179
305
351
377
34
142
60
407
95
270
212
121
14
352
483
314
330
465
478
82
291
379
189
226
436
467
498
369
172
78
119
93
182
156
313
308
101
196
144
166
480
372
271
255
21
474
115
181
253
476
260
25
151
430
349
73
376
218
254
146
353
319
482
451
186
439
382
203
205
26
394
149
385
152
324
120
15
246
12
241
250
441
381
438
29
5
228
289
13
399
261
216
485
239
431
337
415
133
162
56
273
147
108
195
145
359
339
167
262
268
72
278
112
45
116
132
325
492
173
128
346
409
421
307
423
457
435
374
222
371
363
6
497
127
466
306
302
139
387
74
40
204
221
58
164
318
424
420
317
68
215
0
414
417
481
61
340
449
64
219
412
502
329
266
234
52
413
402
490
341
445
69
366
136
256
176
67
427
443
267
383
103
462
201
464
245
249
458
350
47
380
299
298
334
104
87
347
300
22
57
28
159
285
335
55
59
155
83
51
17
326
175
454
472
84
42
94
44
309
392
98
211
315
174
375
244
364
24
102
354
30
199
456
193
336
150
248
327
81
408
460
287
184
475
209
227
391
280
416
269
422
190
348
148
63
140
43
122
395
323
188
35
469
27
473
18
117
169
426
493
233
198
259
343
191
432
303
297
419
217
389
213
135
471
48
240
180
342
8
9
331
207
505
453
320
310
114
450
210
477
479
356
37
489
