117
447
377
446
44
166
218
87
216
267
168
83
435
393
102
214
398
340
221
223
430
139
274
186
385
116
353
66
112
237
496
450
39
143
499
423
142
290
230
36
225
35
49
163
247
198
417
156
196
394
31
75
124
260
455
121
160
238
14
240
243
502
295
315
422
231
111
61
339
448
495
105
470
130
41
206
356
63
86
386
73
497
157
286
212
103
342
461
190
366
335
399
136
127
158
443
80
482
239
249
403
118
313
106
400
56
175
429
445
437
208
43
53
169
501
173
264
85
10
234
436
293
28
209
152
21
401
466
179
297
311
421
25
52
306
235
137
413
26
222
176
192
379
303
246
391
141
407
320
296
474
242
183
276
203
16
27
355
153
277
258
345
181
88
305
298
319
145
329
288
109
346
467
77
48
316
412
360
505
468
182
418
11
454
357
449
110
155
487
254
205
219
97
24
180
351
211
138
471
273
291
227
294
378
458
359
67
58
134
252
255
204
344
428
42
409
229
22
20
72
38
336
368
92
81
278
135
33
494
300
217
174
15
464
317
30
457
358
285
251
321
323
184
68
101
23
165
281
414
475
64
479
50
380
70
371
396
442
17
200
271
282
370
330
416
302
96
151
51
383
332
463
465
197
283
256
228
167
354
98
201
119
195
438
93
434
410
388
84
490
263
191
349
452
266
185
485
1
62
337
405
390
432
272
309
45
268
341
171
3
177
34
369
13
40
444
159
120
202
280
126
244
6
322
451
261
148
232
12
492
486
488
307
473
144
489
146
161
376
265
257
362
439
382
483
46
472
456
348
476
194
415
259
333
114
478
324
503
189
406
491
69
453
113
210
47
299
498
397
99
37
365
71
133
331
374
150
361
262
312
480
381
284
402
224
76
54
363
199
375
270
79
289
8
104
318
387
128
226
7
425
140
469
100
78
125
94
420
275
308
310
5
131
431
384
60
326
352
367
18
493
207
57
29
0
129
504
89
95
441
364
147
149
372
19
427
389
82
250
107
132
241
373
90
32
304
325
328
220
408
55
338
484
392
404
