384
252
217
270
171
269
504
165
377
104
312
287
34
24
281
227
54
472
404
243
440
180
156
129
480
310
162
145
350
360
442
49
306
273
465
218
264
454
415
369
132
201
83
347
361
416
22
460
257
422
332
396
294
477
302
235
211
242
324
177
502
397
37
136
346
349
8
466
167
47
308
209
89
417
280
163
399
94
336
66
119
190
356
93
447
141
70
87
199
62
14
468
405
400
56
16
247
188
29
334
353
323
322
106
455
150
426
74
342
497
487
490
116
107
398
73
268
130
392
394
114
261
381
214
296
245
210
501
154
68
19
362
230
36
91
99
250
365
103
152
307
382
88
225
412
317
212
343
95
204
26
500
222
122
435
279
173
41
491
109
339
375
144
23
1
0
469
286
71
128
17
60
352
229
244
169
61
366
486
77
267
275
355
505
248
33
202
299
354
431
313
220
320
195
429
321
290
443
285
357
46
39
367
335
388
113
2
147
215
479
316
256
38
494
84
450
424
448
374
272
161
175
246
7
10
92
20
197
293
428
292
205
184
251
298
411
386
232
370
434
387
192
35
327
476
372
158
438
407
402
4
274
31
85
331
153
351
151
291
168
9
403
63
191
123
503
59
127
418
413
200
189
3
148
315
338
81
300
219
295
451
194
456
15
470
303
166
475
82
445
420
373
75
358
433
90
115
328
481
43
314
21
458
378
126
64
183
414
69
406
174
139
499
439
76
12
51
461
437
395
301
436
135
325
206
208
105
149
419
330
27
100
449
297
401
389
444
124
234
249
224
98
368
305
391
203
157
446
155
496
495
453
255
97
482
186
164
493
462
170
238
40
50
344
32
108
309
263
228
239
276
146
318
143
117
237
240
329
58
67
379
385
326
333
364
13
121
110
341
478
137
359
25
213
311
182
185
283
120
118
102
160
131
423
284
30
226
207
241
179
80
410
380
271
371
42
11
223
498
483
5
340
52
288
236
72
78
432
142
425
216
53
178
133
457
427
258
193
265
459
198
233
55
488
484
408
277
125
278
96
319
138
421
289
430
