309
22
71
451
29
196
354
464
330
1
368
151
123
296
241
252
6
87
425
172
0
245
232
290
439
456
66
289
304
479
10
153
61
238
100
3
405
363
446
343
205
2
475
373
328
393
292
142
85
45
279
246
163
387
477
136
164
230
226
188
415
124
321
143
329
131
150
65
103
39
182
482
37
21
186
454
474
374
468
152
345
465
227
236
223
324
327
427
485
154
25
284
298
288
110
185
351
471
297
43
381
101
417
390
203
201
69
105
497
13
51
380
481
178
82
79
267
420
199
378
433
9
349
355
498
183
440
11
144
231
30
67
362
200
229
76
333
254
23
70
19
483
325
40
358
129
428
115
306
57
47
171
484
27
424
432
421
134
346
409
499
259
399
42
318
398
77
189
295
320
408
130
125
256
478
181
493
402
175
302
263
504
356
370
111
174
491
338
156
99
46
207
240
503
457
360
239
159
441
340
109
270
430
4
348
403
316
282
224
294
336
81
287
410
90
170
494
209
193
443
317
469
135
94
426
187
272
490
104
141
429
341
303
326
112
228
366
453
357
12
314
361
257
26
146
233
337
211
412
137
222
394
33
243
445
375
237
400
127
184
96
418
452
291
395
58
28
396
68
126
91
472
50
64
210
93
391
86
108
335
416
496
78
194
435
204
388
438
62
319
32
244
117
255
140
447
139
53
261
307
35
459
285
198
467
59
286
20
41
208
75
383
7
133
278
83
455
253
500
247
213
74
5
169
293
234
167
422
160
442
97
221
437
49
273
311
384
220
310
486
372
190
473
274
36
369
16
448
80
406
44
235
219
113
305
462
392
89
385
48
249
260
72
88
95
389
192
218
331
379
275
350
122
180
173
347
162
202
470
31
248
191
215
52
300
339
280
157
434
119
322
262
73
315
166
407
98
128
281
283
463
397
63
165
118
276
299
107
332
277
84
501
386
177
92
258
121
269
414
214
242
132
38
158
149
266
251
489
476
436
364
401
268
217
449
18
148
147
376
179
15
56
419
365
155
17
195
312
250
8
145
480
487
431
212
