177
403
67
392
51
290
448
28
120
430
211
193
82
112
349
501
234
386
79
70
476
469
265
91
118
303
4
311
301
397
334
362
199
477
227
253
150
340
155
418
293
286
257
136
127
42
382
409
154
169
336
197
308
7
45
188
281
232
145
299
495
446
225
132
426
119
428
222
373
24
464
26
81
342
431
106
178
405
457
498
34
76
439
435
210
460
129
142
238
221
296
411
8
310
149
217
263
379
61
331
220
48
328
126
240
282
345
343
21
273
18
326
317
487
153
205
133
163
323
490
165
214
433
272
216
223
302
376
486
341
356
422
65
252
63
449
134
344
304
357
377
156
93
230
20
333
59
453
89
46
410
30
137
309
471
502
324
347
492
23
201
393
329
288
307
488
115
321
443
485
39
37
111
346
421
256
505
182
350
27
438
162
330
445
399
219
454
394
289
499
17
285
360
92
434
366
66
31
185
269
170
291
110
255
36
3
73
80
122
128
470
229
467
239
40
55
419
117
144
85
248
244
194
183
337
407
25
125
96
200
52
478
167
53
483
143
15
16
420
160
29
456
195
429
164
108
135
68
192
398
19
491
318
359
389
372
251
401
87
314
292
196
74
147
226
355
424
500
436
6
451
444
35
358
468
494
22
384
203
247
315
49
441
202
479
455
71
473
208
325
60
408
50
179
295
56
69
12
447
121
259
94
213
245
254
57
504
465
186
33
278
354
497
368
95
284
159
258
260
466
363
378
375
189
300
482
0
101
171
280
172
415
64
104
231
267
381
131
13
484
62
157
237
243
277
228
10
138
268
400
383
335
450
204
9
442
78
249
388
474
175
233
1
261
107
198
369
100
305
338
462
90
168
130
339
361
312
423
412
148
77
262
105
489
44
103
72
151
496
493
452
367
75
351
190
274
461
5
385
152
370
472
83
146
481
187
236
224
97
380
287
235
306
395
88
218
161
140
294
207
322
413
271
440
58
374
242
32
116
102
480
14
124
209
206
270
364
241
425
365
475
275
84
276
396
463
113
371
459
352
416
139
38
327
109
