71
473
403
504
301
50
316
96
145
105
190
227
159
344
202
267
77
254
220
502
304
203
358
279
390
290
45
453
505
170
47
472
343
177
418
41
487
142
19
198
321
311
330
400
467
175
498
90
252
373
179
396
152
163
292
123
149
230
449
338
127
345
60
382
186
255
264
336
75
357
17
398
461
416
63
258
363
402
367
108
224
329
64
209
238
385
278
408
361
331
424
348
451
79
474
3
180
250
437
493
441
107
62
369
15
168
284
349
130
375
388
501
428
444
114
337
497
140
219
74
271
414
156
270
94
248
116
273
355
471
406
368
350
37
147
340
125
101
466
251
49
124
280
239
421
286
122
492
341
294
370
303
462
364
0
193
268
440
4
397
85
481
35
410
21
32
22
151
184
263
117
18
305
432
411
218
174
281
157
391
102
318
283
457
486
431
113
27
496
194
438
469
489
195
56
465
226
393
106
262
72
115
5
158
104
360
310
401
253
38
488
34
353
196
213
228
95
365
490
374
197
315
164
39
83
169
155
160
479
500
183
470
352
276
477
121
399
153
376
2
295
59
162
482
187
288
412
33
53
249
235
260
150
222
165
448
80
100
133
81
54
446
66
439
377
67
241
55
29
246
325
68
378
425
359
9
300
51
491
211
354
458
287
419
137
185
201
210
426
445
371
212
394
110
118
456
335
347
57
483
166
272
167
422
7
128
223
191
206
312
427
221
36
82
161
274
464
225
217
306
269
381
172
8
379
296
40
98
405
351
322
302
88
297
231
285
435
265
362
346
339
112
89
454
48
44
395
188
173
503
237
76
229
323
404
119
182
207
277
282
52
480
342
475
308
289
452
234
138
31
317
69
233
131
232
6
11
10
447
126
257
415
93
460
178
333
436
24
154
92
485
299
30
65
261
387
442
91
70
293
14
247
327
13
463
478
499
129
407
313
58
143
86
320
28
366
319
383
103
1
314
181
309
372
484
43
326
389
429
144
413
259
386
245
459
111
450
332
26
87
135
61
136
244
434
420
334
236
199
216
356
392
256
148
275
