268
330
456
162
355
68
293
260
236
159
42
102
281
458
325
105
462
30
332
323
418
140
370
375
279
234
373
231
130
75
136
475
98
135
45
320
127
427
358
185
490
438
209
180
386
294
317
138
143
273
164
359
343
318
92
57
413
223
222
473
49
447
289
199
208
150
251
227
468
311
416
21
187
238
211
183
204
88
240
398
499
137
488
54
94
392
192
486
411
363
144
399
309
292
107
26
169
264
284
38
374
298
157
401
11
319
280
80
250
495
217
232
226
378
410
66
174
63
341
220
420
379
474
1
304
79
125
70
351
450
89
155
172
443
39
233
301
428
307
229
452
357
5
198
277
86
388
134
239
409
302
331
492
270
228
200
243
463
297
505
305
85
59
271
47
259
500
377
316
203
100
372
425
56
31
122
148
252
179
415
256
184
46
484
65
435
322
404
263
334
73
142
400
3
0
177
421
451
299
35
81
110
230
501
360
455
453
431
113
43
272
188
491
168
261
60
245
324
163
258
219
368
397
64
97
196
22
442
101
213
407
114
40
445
173
15
454
51
310
376
449
466
7
282
476
13
224
14
246
276
126
257
348
313
247
83
193
266
275
434
147
218
380
109
117
274
371
470
424
467
55
429
436
253
478
93
465
366
18
328
481
202
344
205
154
290
480
24
4
412
286
67
41
194
17
365
132
176
472
69
99
181
267
146
151
477
433
494
381
419
337
2
300
283
391
440
74
6
345
167
502
225
215
170
10
393
221
461
216
487
464
72
489
469
326
20
296
186
36
19
12
338
291
9
118
242
269
191
104
145
479
131
116
120
422
62
53
37
384
61
214
303
90
166
95
350
314
175
441
457
493
482
497
197
403
119
367
255
385
152
121
417
498
354
128
369
483
139
448
34
165
129
278
171
356
446
195
339
342
444
333
210
50
485
408
390
77
329
387
153
16
48
287
44
248
156
23
106
178
84
29
91
471
432
262
82
182
405
321
124
33
27
426
315
346
336
28
352
158
25
161
312
206
115
235
308
244
149
265
52
189
112
32
207
123
