347
323
283
338
376
487
402
366
54
467
356
476
238
397
243
152
341
493
367
485
18
500
490
38
78
379
182
155
161
222
286
24
49
172
426
10
329
66
207
165
58
136
20
381
97
498
139
267
140
13
247
0
249
96
121
44
29
263
216
221
471
497
127
427
425
317
248
420
224
189
301
167
130
358
85
405
388
59
494
170
365
441
375
242
193
117
369
469
211
21
342
116
326
180
102
55
19
53
309
178
75
455
285
422
307
233
412
265
115
39
299
429
244
328
262
60
495
461
393
364
473
201
377
291
315
468
310
277
230
191
175
26
144
99
173
36
350
343
80
91
297
213
361
186
443
334
295
279
383
292
200
385
168
131
398
294
219
373
104
293
418
157
435
253
109
430
137
475
133
61
14
27
114
146
218
215
336
408
134
82
255
41
37
57
107
150
229
266
502
5
185
158
73
83
123
65
269
93
298
503
268
199
472
209
434
481
120
64
445
92
251
235
480
359
153
486
459
234
210
270
496
190
304
236
457
74
237
276
195
374
282
423
6
505
250
404
166
147
197
33
281
440
384
148
113
349
220
436
129
162
305
411
7
337
395
499
125
154
11
394
419
240
86
421
437
163
176
28
90
231
50
415
72
446
275
46
79
410
119
439
101
84
465
288
462
204
40
392
313
87
1
386
324
118
318
321
322
103
194
433
278
320
311
431
406
89
192
327
164
284
290
76
360
196
448
428
409
335
483
390
16
257
51
225
491
484
208
15
226
287
95
141
239
156
232
442
169
417
138
183
340
4
273
316
143
300
477
438
378
81
128
30
56
122
413
105
135
450
330
77
380
259
424
407
70
391
274
303
357
261
214
206
449
12
396
132
306
202
272
31
43
111
47
227
414
62
160
280
22
370
8
460
332
382
32
372
260
258
348
352
52
312
447
444
68
314
325
353
174
492
252
100
403
401
400
504
98
35
432
71
463
254
217
289
110
159
124
466
331
112
88
345
179
171
241
501
454
9
256
63
333
17
45
181
271
296
106
344
34
389
387
246
363
354
48
