114
372
137
35
223
205
482
501
420
29
417
336
58
500
364
47
268
216
4
276
80
408
123
52
271
7
75
386
480
30
473
466
340
494
174
383
411
2
44
348
176
322
294
391
76
120
172
111
161
128
231
426
410
437
0
367
311
173
99
40
274
209
25
247
21
260
444
116
350
439
450
404
210
229
42
55
259
378
468
239
422
368
498
162
219
217
159
39
74
454
67
243
8
359
138
70
457
201
59
175
382
475
341
424
369
279
324
299
471
317
149
148
211
376
396
12
491
463
478
496
288
413
167
334
264
421
374
283
24
492
436
93
292
129
373
164
135
308
82
51
360
11
142
64
333
61
406
281
62
152
270
251
186
79
337
218
98
226
200
103
312
170
272
257
325
236
50
106
204
370
126
399
487
165
385
65
63
177
141
443
101
14
438
26
304
278
434
246
160
298
156
132
323
321
157
202
22
318
388
490
344
90
435
194
20
346
206
445
354
380
316
208
261
31
45
49
190
489
56
140
127
169
166
327
430
89
379
355
332
429
224
41
53
329
179
158
267
81
105
36
215
433
71
296
263
248
467
302
252
97
412
139
269
387
305
449
199
255
33
91
447
365
54
181
37
192
295
384
290
207
237
214
19
100
96
16
187
13
110
104
27
502
184
315
313
306
73
414
235
484
155
83
146
451
287
118
213
472
198
345
151
168
455
446
258
393
286
441
362
488
479
197
330
470
249
15
183
57
185
452
280
275
78
405
418
277
244
464
285
254
505
297
121
474
115
381
485
416
265
86
95
122
477
363
431
390
497
409
303
352
1
130
394
282
191
125
212
460
196
154
442
253
203
32
238
180
17
403
84
448
88
499
5
347
495
134
109
314
77
476
357
163
69
3
401
307
23
102
398
9
289
241
428
342
273
440
462
193
230
34
469
228
85
124
38
291
107
189
335
48
153
389
250
432
375
108
425
150
419
331
220
266
423
222
461
402
144
358
366
353
300
483
182
395
28
117
486
504
133
68
328
465
310
10
6
453
171
143
338
221
377
326
240
119
456
