505
443
418
300
502
349
3
484
397
190
442
39
262
423
204
121
420
32
128
387
486
269
380
165
444
127
440
403
77
184
242
210
61
44
407
65
471
259
202
200
36
60
22
95
336
485
84
10
491
126
453
401
483
19
295
374
472
166
43
404
109
495
83
391
294
441
421
24
352
75
196
334
351
482
430
412
422
40
255
25
406
170
17
35
212
246
299
466
436
120
286
223
475
280
23
345
124
226
452
141
63
291
53
16
411
148
363
234
361
389
276
248
261
176
426
48
229
224
311
100
318
107
332
367
319
320
461
185
173
302
251
34
414
331
189
235
497
217
72
119
106
214
489
105
432
353
80
492
69
96
198
237
325
454
496
473
219
369
94
249
504
449
62
344
501
110
218
27
463
339
82
274
384
375
433
142
340
139
132
177
257
393
470
281
153
240
37
306
376
71
265
159
12
488
161
228
465
74
46
364
342
131
205
458
316
66
122
192
315
275
416
162
287
163
92
28
494
4
11
296
89
21
297
413
378
365
188
183
366
459
230
117
324
253
400
493
428
263
419
312
370
86
31
135
18
371
41
388
6
285
468
85
476
431
0
270
179
155
254
157
51
277
156
182
335
20
164
343
103
50
9
79
125
26
307
172
227
231
381
481
467
247
209
451
144
379
140
438
402
160
90
310
76
490
308
350
290
448
450
97
158
499
5
113
429
415
298
174
333
382
168
93
211
116
45
78
112
143
186
469
273
213
118
264
151
57
398
289
191
396
111
13
59
462
500
447
8
250
417
362
147
487
435
282
347
130
171
225
373
425
328
215
102
169
91
386
256
58
303
356
14
178
88
187
123
98
460
372
267
330
56
138
175
359
480
348
38
87
301
29
292
424
271
288
395
42
149
181
67
455
478
104
201
283
355
244
341
73
317
293
33
68
439
81
445
434
245
207
409
405
99
129
474
7
199
258
410
64
101
357
327
70
49
154
15
479
195
136
108
309
2
266
268
241
392
260
329
54
114
305
321
304
216
338
221
47
239
232
150
314
279
152
399
272
180
