320
34
248
195
487
24
231
99
381
409
382
253
84
505
241
371
236
480
116
494
445
428
136
141
109
351
410
434
187
443
415
332
35
246
15
483
161
166
466
40
115
276
52
73
254
286
25
189
18
479
477
291
74
199
12
76
131
330
344
475
258
197
414
365
58
413
0
242
158
463
100
473
62
462
324
19
458
14
177
289
252
444
375
469
329
151
205
82
361
162
500
63
209
165
9
228
237
439
431
106
399
202
60
198
424
201
304
134
491
77
154
294
421
297
292
53
492
123
243
94
363
181
176
178
472
459
456
372
407
261
427
490
422
103
117
502
42
489
125
269
326
7
69
50
21
17
200
378
391
119
437
179
233
22
71
448
155
213
2
481
461
367
418
323
184
44
247
215
47
56
46
68
173
433
337
267
87
429
91
32
135
354
88
368
194
232
185
89
385
280
124
132
446
174
192
307
130
207
313
442
278
498
338
362
29
59
153
455
150
453
331
101
121
41
390
325
496
471
408
127
217
67
170
1
404
110
142
171
222
250
251
83
420
97
144
465
182
65
235
467
223
318
160
281
80
6
359
38
447
476
395
45
283
240
386
270
172
36
449
302
451
482
224
272
360
262
256
39
163
296
5
4
348
265
164
180
356
314
387
350
370
454
485
107
284
16
3
214
152
33
488
316
169
92
11
143
85
57
493
188
285
486
211
196
501
191
86
460
183
210
335
312
303
279
244
78
366
380
79
8
426
402
290
70
264
51
311
406
257
140
239
55
369
96
346
27
411
295
484
245
336
148
405
139
339
147
30
220
31
341
113
353
122
464
234
394
54
416
436
299
221
90
138
186
108
208
358
28
104
193
206
43
440
373
133
478
48
403
419
49
120
293
64
308
392
259
432
347
398
435
396
229
374
364
95
263
317
298
175
203
218
81
226
452
334
425
400
37
450
111
227
61
249
93
204
423
212
167
255
310
75
112
321
168
340
468
20
503
430
319
149
102
126
474
190
10
438
114
230
271
441
355
301
146
504
470
216
377
159
417
98
287
13
72
266
