425
505
262
295
246
138
374
284
345
504
217
5
149
21
9
486
93
152
497
71
59
67
476
254
45
155
205
376
312
260
210
43
236
32
143
500
82
340
117
464
288
300
475
145
120
96
481
139
41
249
352
423
66
163
499
160
195
435
75
222
64
151
133
477
361
233
271
158
197
228
405
100
104
422
375
296
61
81
350
200
107
121
219
238
244
463
221
234
396
125
414
239
60
182
68
433
72
227
237
270
401
437
434
153
492
363
169
412
471
457
454
241
337
366
299
240
147
39
58
279
25
0
496
301
209
400
156
31
51
391
392
324
419
194
404
95
304
8
62
135
10
286
365
256
445
202
255
97
11
168
398
105
360
319
368
327
250
480
24
164
379
129
193
99
132
394
387
142
157
54
331
261
298
408
187
78
175
292
482
50
354
285
191
474
4
498
389
397
131
35
183
185
89
167
85
198
165
488
373
320
49
17
313
204
266
86
106
186
465
343
370
188
468
123
449
303
479
459
177
37
122
427
371
357
444
418
503
441
341
127
73
493
91
18
346
108
33
302
317
384
413
53
489
84
184
289
128
455
218
190
36
213
478
220
347
88
159
367
150
46
402
484
272
470
13
77
426
146
411
429
328
40
80
225
466
290
469
1
231
502
269
102
16
101
336
103
309
452
166
264
161
310
458
472
208
6
136
140
388
38
28
415
362
383
98
390
356
439
382
201
329
245
349
460
235
442
207
20
326
294
334
22
258
283
448
287
281
315
242
134
399
462
377
26
447
267
79
446
118
214
23
252
359
393
215
76
48
424
114
247
450
333
351
417
216
369
378
112
278
199
276
344
83
325
130
487
501
491
321
243
144
291
154
178
318
438
490
74
308
305
12
15
451
181
485
353
358
385
293
483
69
70
65
420
372
92
282
461
332
277
44
268
137
170
432
56
322
192
30
141
428
111
113
406
436
162
274
407
306
119
263
297
473
90
126
410
311
259
273
395
443
416
253
323
196
42
380
409
148
179
3
29
381
364
2
19
206
440
257
403
330
189
7
339
115
